4731139,126.466204,45.822727
4731134,126.466114,45.822818
4731135,126.466114,45.822818
4731136,126.466114,45.822818
473AD1,126.461232,45.822759
473AD2,126.461232,45.822759
473AD3,126.461232,45.822759
473AD4,126.461232,45.822759
476A41,126.461232,45.822759
476A42,126.461232,45.822759
4731131,126.466114,45.822818
4731132,126.466114,45.822818
4731133,126.466114,45.822818
4768331,126.458897,45.821937
4768332,126.458897,45.821937
4768333,126.458897,45.821937
CE8BAB1,126.466204,45.822727
CE8BAB2,126.466204,45.822727
CE8BBB1,126.458897,45.821937
CE8BBB2,126.458897,45.821937
CE8BBB3,126.458897,45.821937
462E87DD,126.466204,45.822727
462E87DE,126.466204,45.822727
462E87DF,126.466204,45.822727
462EAFB,126.461232,45.822759